[360, 360, 360, 360, 360, 360, 360, 360, 360, 360, 360, 360, 360, 360, 360, 360, 360, 360]
[12, 12, 12, 12, 12, 12, 12, 12, 12, 12, 12, 12, 12, 12, 12, 12, 12, 12]
[0.10000, 0.10000, 0.10000, 0.10000, 0.10000, 0.10000, 0.10000, 0.10000, 0.10000, 0.10000, 0.10000, 0.10000, 0.10000, 0.10000, 0.10000, 0.10000, 0.10000, 0.10000]
[0.01000, 0.01000, 0.01000, 0.01000, 0.01000, 0.01000, 0.01000, 0.01000, 0.01000, 0.01000, 0.01000, 0.01000, 0.01000, 0.01000, 0.01000, 0.01000, 0.01000, 0.01000]
[9.0, 9.0, 9.0, 9.0, 9.0, 9.0, 9.0, 9.0, 9.0, 9.0, 9.0, 9.0, 9.0, 9.0, 9.0, 9.0, 9.0, 9.0]
[9, 9, 9, 9, 9, 9, 9, 9, 9, 9, 9, 9, 9, 9, 9, 9, 9, 9]
[12, 24, 36, 48, 60, 72, 84, 96, 108, 12, 24, 36, 48, 60, 72, 84, 96, 108, 12, 24, 36, 48, 60, 72, 84, 96, 108, 12, 24, 36, 48, 60, 72, 84, 96, 108, 12, 24, 36, 48, 60, 72, 84, 96, 108, 12, 24, 36, 48, 60, 72, 84, 96, 108, 12, 24, 36, 48, 60, 72, 84, 96, 108, 12, 24, 36, 48, 60, 72, 84, 96, 108, 12, 24, 36, 48, 60, 72, 84, 96, 108, 12, 24, 36, 48, 60, 72, 84, 96, 108, 12, 24, 36, 48, 60, 72, 84, 96, 108, 12, 24, 36, 48, 60, 72, 84, 96, 108, 12, 24, 36, 48, 60, 72, 84, 96, 108, 12, 24, 36, 48, 60, 72, 84, 96, 108, 12, 24, 36, 48, 60, 72, 84, 96, 108, 12, 24, 36, 48, 60, 72, 84, 96, 108, 12, 24, 36, 48, 60, 72, 84, 96, 108, 12, 24, 36, 48, 60, 72, 84, 96, 108]
[0.0, 0.0, 0.0, 0.0, 0.0, 0.0, 0.0, 0.0, 100.0, 0.0, 0.0, 0.0, 0.0, 0.0, 0.0, 0.0, 0.0, 100.0, 0.0, 0.0, 0.0, 0.0, 0.0, 0.0, 0.0, 0.0, 100.0, 0.0, 0.0, 0.0, 0.0, 0.0, 0.0, 0.0, 0.0, 100.0, 0.0, 0.0, 0.0, 0.0, 0.0, 0.0, 0.0, 0.0, 100.0, 0.0, 0.0, 0.0, 0.0, 0.0, 0.0, 0.0, 0.0, 100.0, 0.0, 0.0, 0.0, 0.0, 0.0, 0.0, 0.0, 0.0, 100.0, 0.0, 0.0, 0.0, 0.0, 0.0, 0.0, 0.0, 0.0, 100.0, 0.0, 0.0, 0.0, 0.0, 0.0, 0.0, 0.0, 0.0, 100.0, 0.0, 0.0, 0.0, 0.0, 0.0, 0.0, 0.0, 0.0, 100.0, 0.0, 0.0, 0.0, 0.0, 0.0, 0.0, 0.0, 0.0, 100.0, 0.0, 0.0, 0.0, 0.0, 0.0, 0.0, 0.0, 0.0, 100.0, 0.0, 0.0, 0.0, 0.0, 0.0, 0.0, 0.0, 0.0, 100.0, 0.0, 0.0, 0.0, 0.0, 0.0, 0.0, 0.0, 0.0, 100.0, 0.0, 0.0, 0.0, 0.0, 0.0, 0.0, 0.0, 0.0, 100.0, 0.0, 0.0, 0.0, 0.0, 0.0, 0.0, 0.0, 0.0, 100.0, 0.0, 0.0, 0.0, 0.0, 0.0, 0.0, 0.0, 0.0, 100.0, 0.0, 0.0, 0.0, 0.0, 0.0, 0.0, 0.0, 0.0, 100.0]
[10.0, 10.0, 10.0, 10.0, 10.0, 10.0, 10.0, 10.0, 10.0, 10.0, 10.0, 10.0, 10.0, 10.0, 10.0, 10.0, 10.0, 10.0, 10.0, 10.0, 10.0, 10.0, 10.0, 10.0, 10.0, 10.0, 10.0, 10.0, 10.0, 10.0, 10.0, 10.0, 10.0, 10.0, 10.0, 10.0, 10.0, 10.0, 10.0, 10.0, 10.0, 10.0, 10.0, 10.0, 10.0, 10.0, 10.0, 10.0, 10.0, 10.0, 10.0, 10.0, 10.0, 10.0, 10.0, 10.0, 10.0, 10.0, 10.0, 10.0, 10.0, 10.0, 10.0, 10.0, 10.0, 10.0, 10.0, 10.0, 10.0, 10.0, 10.0, 10.0, 10.0, 10.0, 10.0, 10.0, 10.0, 10.0, 10.0, 10.0, 10.0, 10.0, 10.0, 10.0, 10.0, 10.0, 10.0, 10.0, 10.0, 10.0, 10.0, 10.0, 10.0, 10.0, 10.0, 10.0, 10.0, 10.0, 10.0, 10.0, 10.0, 10.0, 10.0, 10.0, 10.0, 10.0, 10.0, 10.0, 10.0, 10.0, 10.0, 10.0, 10.0, 10.0, 10.0, 10.0, 10.0, 10.0, 10.0, 10.0, 10.0, 10.0, 10.0, 10.0, 10.0, 10.0, 10.0, 10.0, 10.0, 10.0, 10.0, 10.0, 10.0, 10.0, 10.0, 10.0, 10.0, 10.0, 10.0, 10.0, 10.0, 10.0, 10.0, 10.0, 10.0, 10.0, 10.0, 10.0, 10.0, 10.0, 10.0, 10.0, 10.0, 10.0, 10.0, 10.0, 10.0, 10.0, 10.0, 10.0, 10.0, 10.0]
[0.0, 0.0, 0.0, 0.0, 0.0, 0.0, 1.0, 1.0, 1.0, 1.0, 1.0, 1.0, 10.0, 10.0, 10.0, 10.0, 10.0, 10.0]
[0, 1, 0, 1, 0, 1, 0, 1, 0, 1, 0, 1, 0, 1, 0, 1, 0, 1]
[63.00000, 63.00000, 63.00000, 63.00000, 63.00000, 63.00000, 63.00000, 63.00000, 63.00000, 63.00000, 63.00000, 63.00000, 63.00000, 63.00000, 63.00000, 63.00000, 63.00000, 63.00000]
[36, 36, 12, 12, 12, 12, 36, 36, 12, 12, 12, 12, 36, 36, 12, 12, 12, 12]
[36, 36, 96, 96, 96, 96, 36, 36, 96, 96, 96, 96, 36, 36, 96, 96, 96, 96]
[1, 1, 6, 6, 1, 1, 1, 1, 6, 6, 1, 1, 1, 1, 6, 6, 1, 1]
[0, 0, 0, 0, 0, 0, 0, 0, 0, 0, 0, 0, 0, 0, 0, 0, 0, 0]
[11]
[0.0501772, 0.0509389, 0.0579733, 0.0630595, 0.0673464, 0.0694816, 0.0708807, 0.0727527, 0.0730852, 0.0739790, 0.0749015]
[3, 367, 731, 1096, 1461, 1826, 2194, 2558, 2922, 3287, 3653]
